   0.0000000000000000        0.0000000000000000     
   1.9531250000000000E-003   0.0000000000000000     
   3.9062500000000000E-003   0.0000000000000000     
   5.8593750000000000E-003   0.0000000000000000     
   7.8125000000000000E-003   0.0000000000000000     
   9.7656250000000000E-003   0.0000000000000000     
   1.1718750000000000E-002   0.0000000000000000     
   1.3671875000000000E-002   0.0000000000000000     
   1.5625000000000000E-002   0.0000000000000000     
   1.7578125000000000E-002   0.0000000000000000     
   1.9531250000000000E-002   0.0000000000000000     
   2.1484375000000000E-002   0.0000000000000000     
   2.3437500000000000E-002   0.0000000000000000     
   2.5390625000000000E-002   0.0000000000000000     
   2.7343750000000000E-002   0.0000000000000000     
   2.9296875000000000E-002   0.0000000000000000     
   3.1250000000000000E-002   0.0000000000000000     
   3.3203125000000000E-002   0.0000000000000000     
   3.5156250000000000E-002   0.0000000000000000     
   3.7109375000000000E-002   0.0000000000000000     
   3.9062500000000000E-002   0.0000000000000000     
   4.1015625000000000E-002   0.0000000000000000     
   4.2968750000000000E-002   0.0000000000000000     
   4.4921875000000000E-002   0.0000000000000000     
   4.6875000000000000E-002   0.0000000000000000     
   4.8828125000000000E-002   0.0000000000000000     
   5.0781250000000000E-002   0.0000000000000000     
   5.2734375000000000E-002   0.0000000000000000     
   5.4687500000000000E-002   0.0000000000000000     
   5.6640625000000000E-002   0.0000000000000000     
   5.8593750000000000E-002   0.0000000000000000     
   6.0546875000000000E-002   0.0000000000000000     
   6.2500000000000000E-002   0.0000000000000000     
   6.4453125000000000E-002   0.0000000000000000     
   6.6406250000000000E-002   0.0000000000000000     
   6.8359375000000000E-002   0.0000000000000000     
   7.0312500000000000E-002   0.0000000000000000     
   7.2265625000000000E-002   0.0000000000000000     
   7.4218750000000000E-002   0.0000000000000000     
   7.6171875000000000E-002   0.0000000000000000     
   7.8125000000000000E-002   0.0000000000000000     
   8.0078125000000000E-002   0.0000000000000000     
   8.2031250000000000E-002   0.0000000000000000     
   8.3984375000000000E-002   0.0000000000000000     
   8.5937500000000000E-002   0.0000000000000000     
   8.7890625000000000E-002   0.0000000000000000     
   8.9843750000000000E-002   0.0000000000000000     
   9.1796875000000000E-002   0.0000000000000000     
   9.3750000000000000E-002   0.0000000000000000     
   9.5703125000000000E-002   0.0000000000000000     
   9.7656250000000000E-002   0.0000000000000000     
   9.9609375000000000E-002   0.0000000000000000     
  0.10156250000000000        0.0000000000000000     
  0.10351562500000000        0.0000000000000000     
  0.10546875000000000        0.0000000000000000     
  0.10742187500000000        0.0000000000000000     
  0.10937500000000000        0.0000000000000000     
  0.11132812500000000        0.0000000000000000     
  0.11328125000000000        0.0000000000000000     
  0.11523437500000000        0.0000000000000000     
  0.11718750000000000        0.0000000000000000     
  0.11914062500000000        0.0000000000000000     
  0.12109375000000000        0.0000000000000000     
  0.12304687500000000        0.0000000000000000     
  0.12500000000000000        0.0000000000000000     
  0.12695312500000000        0.0000000000000000     
  0.12890625000000000        0.0000000000000000     
  0.13085937500000000        0.0000000000000000     
  0.13281250000000000        0.0000000000000000     
  0.13476562500000000        0.0000000000000000     
  0.13671875000000000        0.0000000000000000     
  0.13867187500000000        0.0000000000000000     
  0.14062500000000000        0.0000000000000000     
  0.14257812500000000        0.0000000000000000     
  0.14453125000000000        0.0000000000000000     
  0.14648437500000000        0.0000000000000000     
  0.14843750000000000        0.0000000000000000     
  0.15039062500000000        0.0000000000000000     
  0.15234375000000000        0.0000000000000000     
  0.15429687500000000        0.0000000000000000     
  0.15625000000000000        0.0000000000000000     
  0.15820312500000000        0.0000000000000000     
  0.16015625000000000        0.0000000000000000     
  0.16210937500000000        0.0000000000000000     
  0.16406250000000000        0.0000000000000000     
  0.16601562500000000        0.0000000000000000     
  0.16796875000000000        0.0000000000000000     
  0.16992187500000000        0.0000000000000000     
  0.17187500000000000        0.0000000000000000     
  0.17382812500000000        0.0000000000000000     
  0.17578125000000000        0.0000000000000000     
  0.17773437500000000        0.0000000000000000     
  0.17968750000000000        0.0000000000000000     
  0.18164062500000000        0.0000000000000000     
  0.18359375000000000        0.0000000000000000     
  0.18554687500000000        0.0000000000000000     
  0.18750000000000000        0.0000000000000000     
  0.18945312500000000        0.0000000000000000     
  0.19140625000000000        0.0000000000000000     
  0.19335937500000000        0.0000000000000000     
  0.19531250000000000        0.0000000000000000     
  0.19726562500000000        0.0000000000000000     
  0.19921875000000000        0.0000000000000000     
  0.20117187500000000        0.0000000000000000     
  0.20312500000000000        0.0000000000000000     
  0.20507812500000000        0.0000000000000000     
  0.20703125000000000        0.0000000000000000     
  0.20898437500000000        0.0000000000000000     
  0.21093750000000000        0.0000000000000000     
  0.21289062500000000        0.0000000000000000     
  0.21484375000000000        0.0000000000000000     
  0.21679687500000000        0.0000000000000000     
  0.21875000000000000        0.0000000000000000     
  0.22070312500000000        0.0000000000000000     
  0.22265625000000000        0.0000000000000000     
  0.22460937500000000        0.0000000000000000     
  0.22656250000000000        0.0000000000000000     
  0.22851562500000000        0.0000000000000000     
  0.23046875000000000        0.0000000000000000     
  0.23242187500000000        0.0000000000000000     
  0.23437500000000000        0.0000000000000000     
  0.23632812500000000        0.0000000000000000     
  0.23828125000000000        0.0000000000000000     
  0.24023437500000000        0.0000000000000000     
  0.24218750000000000        0.0000000000000000     
  0.24414062500000000        0.0000000000000000     
  0.24609375000000000        0.0000000000000000     
  0.24804687500000000        0.0000000000000000     
  0.25000000000000000        0.0000000000000000     
  0.25195312500000000        0.0000000000000000     
  0.25390625000000000        0.0000000000000000     
  0.25585937500000000        0.0000000000000000     
  0.25781250000000000        0.0000000000000000     
  0.25976562500000000        0.0000000000000000     
  0.26171875000000000        0.0000000000000000     
  0.26367187500000000        0.0000000000000000     
  0.26562500000000000        0.0000000000000000     
  0.26757812500000000        0.0000000000000000     
  0.26953125000000000        0.0000000000000000     
  0.27148437500000000        0.0000000000000000     
  0.27343750000000000        0.0000000000000000     
  0.27539062500000000        0.0000000000000000     
  0.27734375000000000        0.0000000000000000     
  0.27929687500000000        0.0000000000000000     
  0.28125000000000000        0.0000000000000000     
  0.28320312500000000        0.0000000000000000     
  0.28515625000000000        0.0000000000000000     
  0.28710937500000000        0.0000000000000000     
  0.28906250000000000        0.0000000000000000     
  0.29101562500000000        0.0000000000000000     
  0.29296875000000000        0.0000000000000000     
  0.29492187500000000        0.0000000000000000     
  0.29687500000000000        0.0000000000000000     
  0.29882812500000000        0.0000000000000000     
  0.30078125000000000        0.0000000000000000     
  0.30273437500000000        0.0000000000000000     
  0.30468750000000000        0.0000000000000000     
  0.30664062500000000        0.0000000000000000     
  0.30859375000000000        0.0000000000000000     
  0.31054687500000000        0.0000000000000000     
  0.31250000000000000        0.0000000000000000     
  0.31445312500000000        0.0000000000000000     
  0.31640625000000000        0.0000000000000000     
  0.31835937500000000        0.0000000000000000     
  0.32031250000000000        0.0000000000000000     
  0.32226562500000000        0.0000000000000000     
  0.32421875000000000        0.0000000000000000     
  0.32617187500000000        0.0000000000000000     
  0.32812500000000000        0.0000000000000000     
  0.33007812500000000        0.0000000000000000     
  0.33203125000000000        0.0000000000000000     
  0.33398437500000000        0.0000000000000000     
  0.33593750000000000        0.0000000000000000     
  0.33789062500000000        0.0000000000000000     
  0.33984375000000000        0.0000000000000000     
  0.34179687500000000        0.0000000000000000     
  0.34375000000000000        0.0000000000000000     
  0.34570312500000000        0.0000000000000000     
  0.34765625000000000        0.0000000000000000     
  0.34960937500000000        0.0000000000000000     
  0.35156250000000000        0.0000000000000000     
  0.35351562500000000        0.0000000000000000     
  0.35546875000000000        0.0000000000000000     
  0.35742187500000000        0.0000000000000000     
  0.35937500000000000        0.0000000000000000     
  0.36132812500000000        0.0000000000000000     
  0.36328125000000000        0.0000000000000000     
  0.36523437500000000        0.0000000000000000     
  0.36718750000000000        0.0000000000000000     
  0.36914062500000000        0.0000000000000000     
  0.37109375000000000        0.0000000000000000     
  0.37304687500000000        0.0000000000000000     
  0.37500000000000000        0.0000000000000000     
  0.37695312500000000        0.0000000000000000     
  0.37890625000000000        0.0000000000000000     
  0.38085937500000000        0.0000000000000000     
  0.38281250000000000        0.0000000000000000     
  0.38476562500000000        0.0000000000000000     
  0.38671875000000000        0.0000000000000000     
  0.38867187500000000        0.0000000000000000     
  0.39062500000000000        0.0000000000000000     
  0.39257812500000000        0.0000000000000000     
  0.39453125000000000        0.0000000000000000     
  0.39648437500000000        0.0000000000000000     
  0.39843750000000000        0.0000000000000000     
  0.40039062500000000        0.0000000000000000     
  0.40234375000000000        0.0000000000000000     
  0.40429687500000000        0.0000000000000000     
  0.40625000000000000        0.0000000000000000     
  0.40820312500000000        0.0000000000000000     
  0.41015625000000000        0.0000000000000000     
  0.41210937500000000        0.0000000000000000     
  0.41406250000000000        0.0000000000000000     
  0.41601562500000000        0.0000000000000000     
  0.41796875000000000        0.0000000000000000     
  0.41992187500000000        0.0000000000000000     
  0.42187500000000000        0.0000000000000000     
  0.42382812500000000        0.0000000000000000     
  0.42578125000000000        0.0000000000000000     
  0.42773437500000000        0.0000000000000000     
  0.42968750000000000        0.0000000000000000     
  0.43164062500000000        0.0000000000000000     
  0.43359375000000000        0.0000000000000000     
  0.43554687500000000        0.0000000000000000     
  0.43750000000000000        0.0000000000000000     
  0.43945312500000000        0.0000000000000000     
  0.44140625000000000        0.0000000000000000     
  0.44335937500000000        0.0000000000000000     
  0.44531250000000000        0.0000000000000000     
  0.44726562500000000        0.0000000000000000     
  0.44921875000000000        0.0000000000000000     
  0.45117187500000000        0.0000000000000000     
  0.45312500000000000        0.0000000000000000     
  0.45507812500000000        0.0000000000000000     
  0.45703125000000000        0.0000000000000000     
  0.45898437500000000        0.0000000000000000     
  0.46093750000000000        0.0000000000000000     
  0.46289062500000000        0.0000000000000000     
  0.46484375000000000        0.0000000000000000     
  0.46679687500000000        0.0000000000000000     
  0.46875000000000000        0.0000000000000000     
  0.47070312500000000        0.0000000000000000     
  0.47265625000000000        0.0000000000000000     
  0.47460937500000000        0.0000000000000000     
  0.47656250000000000        0.0000000000000000     
  0.47851562500000000        0.0000000000000000     
  0.48046875000000000        0.0000000000000000     
  0.48242187500000000        0.0000000000000000     
  0.48437500000000000        0.0000000000000000     
  0.48632812500000000        0.0000000000000000     
  0.48828125000000000        0.0000000000000000     
  0.49023437500000000        0.0000000000000000     
  0.49218750000000000        0.0000000000000000     
  0.49414062500000000        0.0000000000000000     
  0.49609375000000000        0.0000000000000000     
  0.49804687500000000        0.0000000000000000     
  0.50000000000000000        0.0000000000000000     
  0.50195312500000000        0.0000000000000000     
  0.50390625000000000        0.0000000000000000     
  0.50585937500000000        0.0000000000000000     
  0.50781250000000000        0.0000000000000000     
  0.50976562500000000        0.0000000000000000     
  0.51171875000000000        0.0000000000000000     
  0.51367187500000000        0.0000000000000000     
  0.51562500000000000        0.0000000000000000     
  0.51757812500000000        0.0000000000000000     
  0.51953125000000000        0.0000000000000000     
  0.52148437500000000        0.0000000000000000     
  0.52343750000000000        0.0000000000000000     
  0.52539062500000000        0.0000000000000000     
  0.52734375000000000        0.0000000000000000     
  0.52929687500000000        0.0000000000000000     
  0.53125000000000000        0.0000000000000000     
  0.53320312500000000        0.0000000000000000     
  0.53515625000000000        0.0000000000000000     
  0.53710937500000000        0.0000000000000000     
  0.53906250000000000        0.0000000000000000     
  0.54101562500000000        0.0000000000000000     
  0.54296875000000000        0.0000000000000000     
  0.54492187500000000        0.0000000000000000     
  0.54687500000000000        0.0000000000000000     
  0.54882812500000000        0.0000000000000000     
  0.55078125000000000        0.0000000000000000     
  0.55273437500000000        0.0000000000000000     
  0.55468750000000000        0.0000000000000000     
  0.55664062500000000        0.0000000000000000     
  0.55859375000000000        0.0000000000000000     
  0.56054687500000000        0.0000000000000000     
  0.56250000000000000        0.0000000000000000     
  0.56445312500000000        0.0000000000000000     
  0.56640625000000000        0.0000000000000000     
  0.56835937500000000        0.0000000000000000     
  0.57031250000000000        0.0000000000000000     
  0.57226562500000000        0.0000000000000000     
  0.57421875000000000        0.0000000000000000     
  0.57617187500000000        0.0000000000000000     
  0.57812500000000000        0.0000000000000000     
  0.58007812500000000        0.0000000000000000     
  0.58203125000000000        0.0000000000000000     
  0.58398437500000000        0.0000000000000000     
  0.58593750000000000        0.0000000000000000     
  0.58789062500000000        0.0000000000000000     
  0.58984375000000000        0.0000000000000000     
  0.59179687500000000        0.0000000000000000     
  0.59375000000000000        0.0000000000000000     
  0.59570312500000000        0.0000000000000000     
  0.59765625000000000        0.0000000000000000     
  0.59960937500000000        0.0000000000000000     
  0.60156250000000000        0.0000000000000000     
  0.60351562500000000        0.0000000000000000     
  0.60546875000000000        0.0000000000000000     
  0.60742187500000000        0.0000000000000000     
  0.60937500000000000        0.0000000000000000     
  0.61132812500000000        0.0000000000000000     
  0.61328125000000000        0.0000000000000000     
  0.61523437500000000        0.0000000000000000     
  0.61718750000000000        0.0000000000000000     
  0.61914062500000000        0.0000000000000000     
  0.62109375000000000        0.0000000000000000     
  0.62304687500000000        0.0000000000000000     
  0.62500000000000000        0.0000000000000000     
  0.62695312500000000        0.0000000000000000     
  0.62890625000000000        0.0000000000000000     
  0.63085937500000000        0.0000000000000000     
  0.63281250000000000        0.0000000000000000     
  0.63476562500000000        0.0000000000000000     
  0.63671875000000000        0.0000000000000000     
  0.63867187500000000        0.0000000000000000     
  0.64062500000000000        0.0000000000000000     
  0.64257812500000000        0.0000000000000000     
  0.64453125000000000        0.0000000000000000     
  0.64648437500000000        0.0000000000000000     
  0.64843750000000000        0.0000000000000000     
  0.65039062500000000        0.0000000000000000     
  0.65234375000000000        0.0000000000000000     
  0.65429687500000000        0.0000000000000000     
  0.65625000000000000        0.0000000000000000     
  0.65820312500000000        0.0000000000000000     
  0.66015625000000000        0.0000000000000000     
  0.66210937500000000        0.0000000000000000     
  0.66406250000000000        0.0000000000000000     
  0.66601562500000000        0.0000000000000000     
  0.66796875000000000        0.0000000000000000     
  0.66992187500000000        0.0000000000000000     
  0.67187500000000000        0.0000000000000000     
  0.67382812500000000        0.0000000000000000     
  0.67578125000000000        0.0000000000000000     
  0.67773437500000000        0.0000000000000000     
  0.67968750000000000        0.0000000000000000     
  0.68164062500000000        0.0000000000000000     
  0.68359375000000000        0.0000000000000000     
  0.68554687500000000        0.0000000000000000     
  0.68750000000000000        0.0000000000000000     
  0.68945312500000000        0.0000000000000000     
  0.69140625000000000        0.0000000000000000     
  0.69335937500000000        0.0000000000000000     
  0.69531250000000000        0.0000000000000000     
  0.69726562500000000        0.0000000000000000     
  0.69921875000000000        0.0000000000000000     
  0.70117187500000000        0.0000000000000000     
  0.70312500000000000        0.0000000000000000     
  0.70507812500000000        0.0000000000000000     
  0.70703125000000000        0.0000000000000000     
  0.70898437500000000        0.0000000000000000     
  0.71093750000000000        0.0000000000000000     
  0.71289062500000000        0.0000000000000000     
  0.71484375000000000        0.0000000000000000     
  0.71679687500000000        0.0000000000000000     
  0.71875000000000000        0.0000000000000000     
  0.72070312500000000        0.0000000000000000     
  0.72265625000000000        0.0000000000000000     
  0.72460937500000000        0.0000000000000000     
  0.72656250000000000        0.0000000000000000     
  0.72851562500000000        0.0000000000000000     
  0.73046875000000000        0.0000000000000000     
  0.73242187500000000        0.0000000000000000     
  0.73437500000000000        0.0000000000000000     
  0.73632812500000000        0.0000000000000000     
  0.73828125000000000        0.0000000000000000     
  0.74023437500000000        0.0000000000000000     
  0.74218750000000000        0.0000000000000000     
  0.74414062500000000        0.0000000000000000     
  0.74609375000000000        0.0000000000000000     
  0.74804687500000000        0.0000000000000000     
  0.75000000000000000        0.0000000000000000     
  0.75195312500000000        0.0000000000000000     
  0.75390625000000000        0.0000000000000000     
  0.75585937500000000        0.0000000000000000     
  0.75781250000000000        0.0000000000000000     
  0.75976562500000000        0.0000000000000000     
  0.76171875000000000        0.0000000000000000     
  0.76367187500000000        0.0000000000000000     
  0.76562500000000000        0.0000000000000000     
  0.76757812500000000        0.0000000000000000     
  0.76953125000000000        0.0000000000000000     
  0.77148437500000000        0.0000000000000000     
  0.77343750000000000        0.0000000000000000     
  0.77539062500000000        0.0000000000000000     
  0.77734375000000000        0.0000000000000000     
  0.77929687500000000        0.0000000000000000     
  0.78125000000000000        0.0000000000000000     
