   0.0000000000000000        0.0000000000000000     
   1.9531250000000000E-003   0.0000000000000000     
   3.9062500000000000E-003   0.0000000000000000     
   5.8593750000000000E-003   0.0000000000000000     
   7.8125000000000000E-003   0.0000000000000000     
   9.7656250000000000E-003   0.0000000000000000     
   1.1718750000000000E-002   0.0000000000000000     
   1.3671875000000000E-002   0.0000000000000000     
   1.5625000000000000E-002   0.0000000000000000     
   1.7578125000000000E-002   0.0000000000000000     
   1.9531250000000000E-002   0.0000000000000000     
   2.1484375000000000E-002   0.0000000000000000     
   2.3437500000000000E-002   0.0000000000000000     
   2.5390625000000000E-002   0.0000000000000000     
   2.7343750000000000E-002   0.0000000000000000     
   2.9296875000000000E-002   0.0000000000000000     
   3.1250000000000000E-002   0.0000000000000000     
   3.3203125000000000E-002   0.0000000000000000     
   3.5156250000000000E-002   0.0000000000000000     
   3.7109375000000000E-002   0.0000000000000000     
   3.9062500000000000E-002   0.0000000000000000     
   4.1015625000000000E-002   0.0000000000000000     
   4.2968750000000000E-002   0.0000000000000000     
   4.4921875000000000E-002   0.0000000000000000     
   4.6875000000000000E-002   0.0000000000000000     
   4.8828125000000000E-002   0.0000000000000000     
   5.0781250000000000E-002   0.0000000000000000     
   5.2734375000000000E-002   0.0000000000000000     
   5.4687500000000000E-002   0.0000000000000000     
   5.6640625000000000E-002   0.0000000000000000     
   5.8593750000000000E-002   0.0000000000000000     
   6.0546875000000000E-002   0.0000000000000000     
   6.2500000000000000E-002   0.0000000000000000     
   6.4453125000000000E-002   0.0000000000000000     
   6.6406250000000000E-002   0.0000000000000000     
   6.8359375000000000E-002   0.0000000000000000     
   7.0312500000000000E-002   0.0000000000000000     
   7.2265625000000000E-002   0.0000000000000000     
   7.4218750000000000E-002   0.0000000000000000     
   7.6171875000000000E-002   0.0000000000000000     
   7.8125000000000000E-002   0.0000000000000000     
   8.0078125000000000E-002   0.0000000000000000     
   8.2031250000000000E-002   0.0000000000000000     
   8.3984375000000000E-002   0.0000000000000000     
   8.5937500000000000E-002   0.0000000000000000     
   8.7890625000000000E-002   0.0000000000000000     
   8.9843750000000000E-002   0.0000000000000000     
   9.1796875000000000E-002   0.0000000000000000     
   9.3750000000000000E-002   0.0000000000000000     
   9.5703125000000000E-002   0.0000000000000000     
   9.7656250000000000E-002   0.0000000000000000     
   9.9609375000000000E-002   0.0000000000000000     
  0.10156250000000000        0.0000000000000000     
  0.10351562500000000        0.0000000000000000     
  0.10546875000000000        0.0000000000000000     
  0.10742187500000000        0.0000000000000000     
  0.10937500000000000        0.0000000000000000     
  0.11132812500000000        0.0000000000000000     
  0.11328125000000000        0.0000000000000000     
  0.11523437500000000        0.0000000000000000     
  0.11718750000000000        0.0000000000000000     
  0.11914062500000000        0.0000000000000000     
  0.12109375000000000        0.0000000000000000     
  0.12304687500000000        0.0000000000000000     
  0.12500000000000000        0.0000000000000000     
  0.12695312500000000        0.0000000000000000     
  0.12890625000000000        0.0000000000000000     
  0.13085937500000000        0.0000000000000000     
  0.13281250000000000        0.0000000000000000     
  0.13476562500000000        0.0000000000000000     
  0.13671875000000000        0.0000000000000000     
  0.13867187500000000        0.0000000000000000     
  0.14062500000000000        0.0000000000000000     
  0.14257812500000000        0.0000000000000000     
  0.14453125000000000        0.0000000000000000     
  0.14648437500000000        0.0000000000000000     
  0.14843750000000000        0.0000000000000000     
  0.15039062500000000        0.0000000000000000     
  0.15234375000000000        0.0000000000000000     
  0.15429687500000000        0.0000000000000000     
  0.15625000000000000        0.0000000000000000     
  0.15820312500000000        0.0000000000000000     
  0.16015625000000000        0.0000000000000000     
  0.16210937500000000        0.0000000000000000     
  0.16406250000000000        0.0000000000000000     
  0.16601562500000000        0.0000000000000000     
  0.16796875000000000        0.0000000000000000     
  0.16992187500000000        0.0000000000000000     
  0.17187500000000000        0.0000000000000000     
  0.17382812500000000        0.0000000000000000     
  0.17578125000000000        0.0000000000000000     
  0.17773437500000000        0.0000000000000000     
  0.17968750000000000        0.0000000000000000     
  0.18164062500000000        0.0000000000000000     
  0.18359375000000000        0.0000000000000000     
  0.18554687500000000        0.0000000000000000     
  0.18750000000000000        0.0000000000000000     
  0.18945312500000000        0.0000000000000000     
  0.19140625000000000        0.0000000000000000     
  0.19335937500000000        0.0000000000000000     
  0.19531250000000000        0.0000000000000000     
  0.19726562500000000        0.0000000000000000     
  0.19921875000000000        0.0000000000000000     
  0.20117187500000000        0.0000000000000000     
  0.20312500000000000        0.0000000000000000     
  0.20507812500000000        0.0000000000000000     
  0.20703125000000000        0.0000000000000000     
  0.20898437500000000        0.0000000000000000     
  0.21093750000000000        0.0000000000000000     
  0.21289062500000000        0.0000000000000000     
  0.21484375000000000        0.0000000000000000     
  0.21679687500000000        0.0000000000000000     
  0.21875000000000000        0.0000000000000000     
  0.22070312500000000        0.0000000000000000     
  0.22265625000000000        0.0000000000000000     
  0.22460937500000000        0.0000000000000000     
  0.22656250000000000        0.0000000000000000     
  0.22851562500000000        0.0000000000000000     
  0.23046875000000000        0.0000000000000000     
  0.23242187500000000        0.0000000000000000     
  0.23437500000000000        0.0000000000000000     
  0.23632812500000000        0.0000000000000000     
  0.23828125000000000        0.0000000000000000     
  0.24023437500000000        0.0000000000000000     
  0.24218750000000000        0.0000000000000000     
  0.24414062500000000        0.0000000000000000     
  0.24609375000000000        0.0000000000000000     
  0.24804687500000000        0.0000000000000000     
  0.25000000000000000        0.0000000000000000     
  0.25195312500000000        0.0000000000000000     
  0.25390625000000000        0.0000000000000000     
  0.25585937500000000        0.0000000000000000     
  0.25781250000000000        0.0000000000000000     
  0.25976562500000000        0.0000000000000000     
  0.26171875000000000        0.0000000000000000     
  0.26367187500000000        0.0000000000000000     
  0.26562500000000000        0.0000000000000000     
  0.26757812500000000        0.0000000000000000     
  0.26953125000000000        0.0000000000000000     
  0.27148437500000000        0.0000000000000000     
  0.27343750000000000        0.0000000000000000     
  0.27539062500000000        0.0000000000000000     
  0.27734375000000000        0.0000000000000000     
  0.27929687500000000        0.0000000000000000     
  0.28125000000000000       -5.4499696288674066E-026
  0.28320312500000000       -3.0732949032330906E-023
  0.28515625000000000       -1.0886630309306939E-022
  0.28710937500000000       -2.5835746527298229E-022
  0.28906250000000000       -5.2634372004838706E-022
  0.29101562500000000       -9.9429802349909332E-022
  0.29296875000000000       -1.7999758287903727E-021
  0.29492187500000000       -3.1735384147914857E-021
  0.29687500000000000       -5.4958397096417949E-021
  0.29882812500000000       -9.3914628594512680E-021
  0.30078125000000000       -1.5875814649658101E-020
  0.30273437500000000       -2.6585524612911918E-020
  0.30468750000000000       -4.4135962982657077E-020
  0.30664062500000000       -7.2670801275660414E-020
  0.30859375000000000       -1.1869876023862653E-019
  0.31054687500000000       -1.9235541214165745E-019
  0.31250000000000000       -3.0928751347155467E-019
  0.31445312500000000       -4.9343938901533189E-019
  0.31640625000000000       -7.8113221590489326E-019
  0.31835937500000000       -1.2269758704713436E-018
  0.32031250000000000       -1.9123487904381431E-018
  0.32226562500000000       -2.9574345625005080E-018
  0.32421875000000000       -4.5381255824832843E-018
  0.32617187500000000       -6.9095044836279055E-018
  0.32812500000000000       -1.0438101303039292E-017
  0.33007812500000000       -1.5645702462372299E-017
  0.33203125000000000       -2.3268153225624216E-017
  0.33398437500000000       -3.4333334007834952E-017
  0.33593750000000000       -5.0263272865119967E-017
  0.33789062500000000       -7.3006131178740724E-017
  0.33984375000000000       -1.0520449040539693E-016
  0.34179687500000000       -1.5040686712537231E-016
  0.34375000000000000       -2.1332954866573700E-016
  0.34570312500000000       -3.0017549251096596E-016
  0.34765625000000000       -4.1901595438918100E-016
  0.34960937500000000       -5.8023845843059763E-016
  0.35156250000000000       -7.9706143855560497E-016
  0.35351562500000000       -1.0861111089713076E-015
  0.35546875000000000       -1.4680496441149688E-015
  0.35742187500000000       -1.9682354192389096E-015
  0.35937500000000000       -2.6173858575475278E-015
  0.36132812500000000       -3.4522014973126523E-015
  0.36328125000000000       -4.5158966094216345E-015
  0.36523437500000000       -5.8585677167583762E-015
  0.36718750000000000       -7.5373176615175400E-015
  0.36914062500000000       -9.6160407365912664E-015
  0.37109375000000000       -1.2164765460867476E-014
  0.37304687500000000       -1.5258447714845414E-014
  0.37500000000000000       -1.8975110198167411E-014
  0.37695312500000000       -2.3393236559961819E-014
  0.37890625000000000       -2.8588351913322982E-014
  0.38085937500000000       -3.4628757144183392E-014
  0.38281250000000000       -4.1570433091778518E-014
  0.38476562500000000       -4.9451191923898305E-014
  0.38671875000000000       -5.8284225196877009E-014
  0.38867187500000000       -6.8051278066300674E-014
  0.39062500000000000       -7.8695762258370514E-014
  0.39257812500000000       -9.0116200619453848E-014
  0.39453125000000000       -1.0216046600543782E-013
  0.39648437500000000       -1.1462132883074413E-013
  0.39843750000000000       -1.2723385246332019E-013
  0.40039062500000000       -1.3967516610414796E-013
  0.40234375000000000       -1.5156709455991354E-013
  0.40429687500000000       -1.6248202949013101E-013
  0.40625000000000000       -1.7195228655304604E-013
  0.40820312500000000       -1.7948301049666562E-013
  0.41015625000000000       -1.8456847297195652E-013
  0.41210937500000000       -1.8671136724778591E-013
  0.41406250000000000       -1.8544445546152942E-013
  0.41601562500000000       -1.8035368587326889E-013
  0.41796875000000000       -1.7110168978879074E-013
  0.41992187500000000       -1.5745041038099744E-013
  0.42187500000000000       -1.3928152674738624E-013
  0.42382812500000000       -1.1661333065595177E-013
  0.42578125000000000       -8.9612799572854372E-014
  0.42773437500000000       -5.8601789938861706E-014
  0.42968750000000000       -2.4056543828928095E-014
  0.43164062500000000        1.3399953149555859E-014
  0.43359375000000000        5.3012825038655512E-014
  0.43554687500000000        9.3917003505593988E-014
  0.43750000000000000        1.3516497715627757E-013
  0.43945312500000000        1.7575940462999016E-013
  0.44140625000000000        2.1468907321257562E-013
  0.44335937500000000        2.5096644369856547E-013
  0.44531250000000000        2.8366489078663729E-013
  0.44726562500000000        3.1195373794934036E-013
  0.44921875000000000        3.3512929857071309E-013
  0.45117187500000000        3.5264036357971865E-013
  0.45312500000000000        3.6410690314578633E-013
  0.45507812500000000        3.6933115198259154E-013
  0.45703125000000000        3.6830069474419370E-013
  0.45898437500000000        3.6118362740790313E-013
  0.46093750000000000        3.4831630994227279E-013
  0.46289062500000000        3.3018461520154012E-013
  0.46484375000000000        3.0739989420331449E-013
  0.46679687500000000        2.8067110095098067E-013
  0.46875000000000000        2.5077464094208584E-013
  0.47070312500000000        2.1852352492191661E-013
  0.47265625000000000        1.8473732959371068E-013
  0.47460937500000000        1.5021430290911337E-013
  0.47656250000000000        1.1570672138476169E-013
  0.47851562500000000        8.1900331985014193E-014
  0.48046875000000000        4.9398414036613992E-014
  0.48242187500000000        1.8710699240678449E-014
  0.48437500000000000       -9.7528904043919481E-015
  0.48632812500000000       -3.5683970213229081E-014
  0.48828125000000000       -5.8873366250378095E-014
  0.49023437500000000       -7.9205358671125713E-014
  0.49218750000000000       -9.6649190396567134E-014
  0.49414062500000000       -1.1124866924322185E-013
  0.49609375000000000       -1.2311046948737624E-013
  0.49804687500000000       -1.3239189235243510E-013
  0.50000000000000000       -1.3928871794680838E-013
  0.50195312500000000       -1.4402360425847446E-013
  0.50390625000000000       -1.4683543924495396E-013
  0.50585937500000000       -1.4796992409160067E-013
  0.50781250000000000       -1.4767155769933310E-013
  0.50976562500000000       -1.4617709510408401E-013
  0.51171875000000000       -1.4371047036178186E-013
  0.51367187500000000       -1.4047910827933977E-013
  0.51562500000000000       -1.3667150103812986E-013
  0.51757812500000000       -1.3245589410955866E-013
  0.51953125000000000       -1.2797990645170019E-013
  0.52148437500000000       -1.2337091100539048E-013
  0.52343750000000000       -1.1873699726076623E-013
  0.52539062500000000       -1.1416836381090562E-013
  0.52734375000000000       -1.0973899614969673E-013
  0.52929687500000000       -1.0550851517191312E-013
  0.53125000000000000       -1.0152408479054689E-013
  0.53320312500000000       -9.7822328510687261E-014
  0.53515625000000000       -9.4431181571447233E-014
  0.53710937500000000       -9.1371649926936510E-014
  0.53906250000000000       -8.8659494327577988E-014
  0.54101562500000000       -8.6306662378427969E-014
  0.54296875000000000       -8.4322810656824143E-014
  0.54492187500000000       -8.2716681192588902E-014
  0.54687500000000000       -8.1497009252354542E-014
  0.54882812500000000       -8.0674180278913174E-014
  0.55078125000000000       -8.0261290299552282E-014
  0.55273437500000000       -8.0275007091641816E-014
  0.55468750000000000       -8.0736936918316035E-014
  0.55664062500000000       -8.1674898762874952E-014
  0.55859375000000000       -8.3124197446731866E-014
  0.56054687500000000       -8.5130465900879252E-014
  0.56250000000000000       -8.7745062691309593E-014
  0.56445312500000000       -9.1037566583435561E-014
  0.56640625000000000       -9.5084898945806775E-014
  0.56835937500000000       -9.9979123666162661E-014
  0.57031250000000000       -1.0582670677386477E-013
  0.57226562500000000       -1.1274861531780448E-013
  0.57421875000000000       -1.2088355287776987E-013
  0.57617187500000000       -1.3038081217187214E-013
  0.57812500000000000       -1.4140128948949713E-013
  0.58007812500000000       -1.5408577673637478E-013
  0.58203125000000000       -1.6862392891757642E-013
  0.58398437500000000       -1.8515715876568368E-013
  0.58593750000000000       -2.0381529371899097E-013
  0.58789062500000000       -2.2471882695764195E-013
  0.58984375000000000       -2.4784098650671673E-013
  0.59179687500000000       -2.7318823503062057E-013
  0.59375000000000000       -3.0066332448692947E-013
  0.59570312500000000       -3.2995571441022781E-013
  0.59765625000000000       -3.6073748624060903E-013
  0.59960937500000000       -3.9232237097509898E-013
  0.60156250000000000       -4.2404234473187986E-013
  0.60351562500000000       -4.5476429855069831E-013
  0.60546875000000000       -4.8337032013963311E-013
  0.60742187500000000       -5.0821962891403106E-013
  0.60937500000000000       -5.2770301995971518E-013
  0.61132812500000000       -5.3968820201686310E-013
  0.61328125000000000       -5.4212201312184157E-013
  0.61523437500000000       -5.3251259210485489E-013
  0.61718750000000000       -5.0853447069335282E-013
  0.61914062500000000       -4.6761132432236219E-013
  0.62109375000000000       -4.0746041900034841E-013
  0.62304687500000000       -3.2584128050438885E-013
  0.62500000000000000       -2.2096116262183896E-013
  0.62695312500000000       -9.1445329422122632E-014
  0.62890625000000000        6.3481107125356089E-014
  0.63085937500000000        2.4376667300174255E-013
  0.63281250000000000        4.4865338771335383E-013
  0.63476562500000000        6.7618917526351215E-013
  0.63671875000000000        9.2370515797317346E-013
  0.63867187500000000        1.1870952114258132E-012
  0.64062500000000000        1.4616685026700921E-012
  0.64257812500000000        1.7412538586477543E-012
  0.64453125000000000        2.0193957103728057E-012
  0.64648437500000000        2.2883603050996678E-012
  0.64843750000000000        2.5405895853533120E-012
  0.65039062500000000        2.7676915014662927E-012
  0.65234375000000000        2.9620190983888067E-012
  0.65429687500000000        3.1157180564388943E-012
  0.65625000000000000        3.2222681715586418E-012
  0.65820312500000000        3.2756415365051065E-012
  0.66015625000000000        3.2716390918257821E-012
  0.66210937500000000        3.2071890812738944E-012
  0.66406250000000000        3.0813358445026173E-012
  0.66601562500000000        2.8946873650107869E-012
  0.66796875000000000        2.6499638803757494E-012
  0.66992187500000000        2.3515905680616288E-012
  0.67187500000000000        2.0057804553740929E-012
  0.67382812500000000        1.6202650025981489E-012
  0.67578125000000000        1.2039555319537369E-012
  0.67773437500000000        7.6680822402652174E-013
  0.67968750000000000        3.1916635138012390E-013
  0.68164062500000000       -1.2823805946567241E-013
  0.68359375000000000       -5.6512403845999129E-013
  0.68554687500000000       -9.8151880337337941E-013
  0.68750000000000000       -1.3686363709520316E-012
  0.68945312500000000       -1.7185936025083258E-012
  0.69140625000000000       -2.0252054483346267E-012
  0.69335937500000000       -2.2835718303242118E-012
  0.69531250000000000       -2.4907077071478012E-012
  0.69726562500000000       -2.6450285568498379E-012
  0.69921875000000000       -2.7467815553441225E-012
  0.70117187500000000       -2.7974722467985217E-012
  0.70312500000000000       -2.8001072600575213E-012
  0.70507812500000000       -2.7586135782659087E-012
  0.70703125000000000       -2.6779345639126079E-012
  0.70898437500000000       -2.5634929891224963E-012
  0.71093750000000000       -2.4211966376247414E-012
  0.71289062500000000       -2.2569867510652356E-012
  0.71484375000000000       -2.0768079995074301E-012
  0.71679687500000000       -1.8862677837129896E-012
  0.71875000000000000       -1.6906124715600632E-012
  0.72070312500000000       -1.4945042599664059E-012
  0.72265625000000000       -1.3020274604602128E-012
  0.72460937500000000       -1.1165727151049843E-012
  0.72656250000000000       -9.4087957644560201E-013
  0.72851562500000000       -7.7700600627516293E-013
  0.73046875000000000       -6.2640050566808129E-013
  0.73242187500000000       -4.8992939516087323E-013
  0.73437500000000000       -3.6796493159795814E-013
  0.73632812500000000       -2.6044344608145603E-013
  0.73828125000000000       -1.6695479358532442E-013
  0.74023437500000000       -8.6809307963801113E-014
  0.74218750000000000       -1.9116839413657479E-014
  0.74414062500000000        3.7152533099033588E-014
  0.74609375000000000        8.3106839323722622E-014
  0.74804687500000000        1.1988574068467002E-013
  0.75000000000000000        1.4861837769924606E-013
  0.75195312500000000        1.7039335058560872E-013
  0.75390625000000000        1.8623449786537180E-013
  0.75585937500000000        1.9708570850494352E-013
  0.75781250000000000        2.0380089700731309E-013
  0.75976562500000000        2.0714008163662480E-013
  0.76171875000000000        2.0776911643588542E-013
  0.76367187500000000        2.0626302873407388E-013
  0.76562500000000000        2.0311140633651414E-013
  0.76757812500000000        1.9872548641836946E-013
  0.76953125000000000        1.9344599391155577E-013
  0.77148437500000000        1.8755139672882369E-013
  0.77343750000000000        1.8126604283871112E-013
  0.77539062500000000        1.7476796810545370E-013
  0.77734375000000000        1.6819611992202813E-013
  0.77929687500000000        1.6165691098091201E-013
  0.78125000000000000        1.5523002283872756E-013
